1 0 0 0.152149 0
4.96 0.573188 0.695482 0.129936 -0.0112185
8.92 0.971228 0.950365 0.0658272 -0.0169393
12.88 1.13161 1.10992 0.0233896 -0.00449389
16.84 1.21766 1.22634 0.0239301 0.00109766
20.8 1.315 1.31806 0.0237124 -0.00120759
24.76 1.3963 1.39375 0.0175004 -0.0012415
28.72 1.45836 1.45818 0.0144723 -0.00028788
32.68 1.51368 1.51428 0.0134119 -0.00031715
36.64 1.56404 1.56396 0.011961 -0.000386763
40.6 1.60866 1.60853 0.0106453 -0.000277707
44.56 1.6489 1.64895 0.00973398 -0.000204001
48.52 1.6859 1.68592 0.0089644 -0.000184677
52.48 1.72001 1.71999 0.00827664 -0.000161076
56.44 1.75159 1.75159 0.00769057 -0.000134921
60.4 1.78103 1.78104 0.00719089 -0.000118867
64.36 1.80862 1.80862 0.00674863 -0.000104749
68.32 1.83455 1.83455 0.00635637 -9.33576e-05
72.28 1.85902 1.85902 0.00600858 -8.29817e-05
76.24 1.88218 1.88218 0.00569631 -7.47322e-05
80.2 1.90418 1.90417 0.00541545 -6.7626e-05
84.16 1.92511 1.92511 0.00515991 -6.14344e-05
88.12 1.94507 1.94507 0.00492808 -5.57608e-05
92.08 1.96417 1.96417 0.00471822 -5.03037e-05
96.04 1.98246 1.98245 0.00452244 -4.85755e-05
100 2 2 -1.70993 -2.68777e-18
